0.858008643751
0.738461667345
0.619955784952
0.738461667345
0.619955784952
0.738461667345
0.619955784952
0.738461667345
0.619955784952
0.738461667345
0.728194354077
0.738461667345
0.619955784952
0.738461667345
0.619955784952
0.873830864757
0.858008643751
0.91020901605
0.858008643751
0.629719930685
0.585194544226
0.910679578646
0.885197165332
0.858008643751
0.887239430259
0.858008643751
0.88861144413
0.850121964711
0.884646076654
0.845827251394
0.873830864757
0.908821909398
0.677344721369
0.858008643751
0.978532105939
0.954182960072
0.930007293622
0.96569272439
0.858008643751
0.83263667091
0.987672828785
0.964636551361
0.287229138307
0.859764121625
0.721222333645
0.671283562607
0.641511808629
0.677344721369
0.875098876934
0.730179182688
0.677344721369
0.677344721369
0.677344721369
0.781322684691
0.921932178916
0.793886285744
0.907084039902
0.808507438074
0.785616667172
0.693951187284
0.641511808629
0.741533970376
0.754158514872
0.586740724701
0.891117659307
0.920152246183
0.785616667172
0.856923594888
0.952334480915
0.914084430181
0.956337172205
0.953173928151
0.876540898278
0.876540898278
0.856923594888
0.903999000146
0.677344721369
0.907887892096
0.677344721369
0.908986510936
0.641511808629
0.952490679822
0.808507438074
0.741533970376
0.889888138544
0.677344721369
0.850121964711
0.887239430259
0.91020901605
0.887239430259
0.908821909398
0.721222333645
0.601782668269
0.677344721369
0.741533970376
0.81267336411
0.850121964711
0.81267336411
0.867938627738
0.83263667091
0.880981742973
0.738461667345
0.619955784952
0.939551552168
0.938903203093
0.873176195686
0.825858817372
0.785616667172
